0	59	6696.15148019
0	52	43479.2905506
0	64	63576.045316
0	20	29325.3321277
0	18	20438.0747716
0	13	32491.0317615
0	65	9937.41398254
0	12	40370.4961504
0	29	22347.8834622
1	5	25751.7362021
1	64	18921.6479042
1	9	5830.36074239
1	63	1163.71515386
1	16	31312.725917
1	10	27337.9346913
-1	1	41462.1052559
2	5	14490.4957085
2	15	75609.7981884
2	7	20519.4479942
2	8	16393.5016603
2	10	46589.7972301
-1	2	53468.4409525
3	6	46561.0018641
3	11	45348.7591931
-1	3	87250.9139043
4	62	94668.8593143
4	5	77008.6908931
4	15	60392.9297118
4	17	30212.0761288
4	6	44226.6024119
4	16	26940.6961483
-1	4	38.9136643989
5	4	77008.6908931
5	15	42855.8357237
5	1	25751.7362021
5	9	30181.8430906
5	16	5224.70274373
5	2	14490.4957085
5	10	6586.59223707
6	4	44226.6024119
6	17	60861.981483
6	66	16670.578429
6	52	34638.4063159
6	67	546.024027762
6	12	12845.8178872
6	3	46561.0018641
6	11	12006.0875251
-1	6	13058.563305
7	8	27881.9299033
7	2	20519.4479942
-1	7	8307.28607685
8	7	27881.9299033
8	2	16393.5016603
8	10	50326.5226009
-1	8	43987.5986105
9	5	30181.8430906
9	1	5830.36074239
9	10	50342.3324374
10	5	6586.59223707
10	1	27337.9346913
10	9	50342.3324374
10	8	50326.5226009
10	2	46589.7972301
-1	10	31134.2369807
11	6	12006.0875251
11	67	12729.2973008
11	3	45348.7591931
11	14	61126.1927078
11	21	50325.5855551
-1	11	23687.6378928
12	17	65561.1496658
12	6	12845.8178872
12	52	29197.3856787
12	0	40370.4961504
12	65	39307.240912
13	64	5875.38330502
13	0	32491.0317615
13	18	18248.5257163
13	65	19685.1275427
14	52	13404.3395715
14	67	10227.8871449
14	11	61126.1927078
14	21	28048.4572956
15	5	42855.8357237
15	4	60392.9297118
15	2	75609.7981884
-1	15	257558.103227
16	62	30390.4986521
16	5	5224.70274373
16	4	26940.6961483
16	1	31312.725917
16	63	3073.86558738
17	62	16760.3880692
17	4	30212.0761288
17	6	60861.981483
17	65	15000.2161792
17	12	65561.1496658
18	64	37126.3272092
18	0	20438.0747716
18	13	18248.5257163
19	53	21284.3792364
19	21	43433.4764558
19	54	10214.2460969
19	55	6671.37661241
-1	19	120242.76804
20	64	47102.0752094
20	0	29325.3321277
20	29	37150.5525318
-1	20	83618.8863775
21	36	2277.79955917
21	11	50325.5855551
21	14	28048.4572956
21	19	43433.4764558
21	31	28807.1565251
21	54	18219.9805592
-1	21	11468.4129354
22	37	13033.1272171
22	38	2173.60365066
22	52	15824.0078079
22	23	26083.2362007
22	49	11401.5236912
22	51	3617.43924099
23	27	5439.81047543
23	52	11846.6691509
23	60	15810.1486785
23	26	8470.61505168
23	22	26083.2362007
23	49	281.097326932
24	25	42265.9978028
24	42	26215.2882706
24	68	23871.9213272
24	55	9482.72819666
-1	24	31144.8874224
25	44	13650.3533305
25	50	10976.8760666
25	61	25722.9134629
25	24	42265.9978028
25	42	1051.40591532
-1	25	42860.6025352
26	28	11452.9871911
26	61	14864.1799557
26	57	6707.19995934
26	23	8470.61505168
26	58	6163.572478
26	49	9636.84592155
26	51	3079.58902461
27	59	17723.7504507
27	57	15462.3824608
27	60	8254.65251035
27	23	5439.81047543
27	58	5573.14294433
27	29	27067.3616593
28	48	5636.53760692
28	61	4928.68924559
28	43	1638.06636727
28	38	3396.62611763
28	26	11452.9871911
28	51	9825.58824032
29	59	9717.7904432
29	27	27067.3616593
29	57	17044.5273324
29	20	37150.5525318
29	0	22347.8834622
-1	29	23287.2766689
30	39	7384.212268
30	53	803.106143083
30	46	14693.7887649
30	56	12027.7066812
31	36	3276.81752033
31	34	9266.89840009
31	21	28807.1565251
31	54	1299.91730512
31	35	3032.55513694
32	36	4520.16767891
32	34	4552.61704437
32	37	12815.5379552
32	38	6754.78372437
33	39	8259.97722756
33	46	3318.95451629
33	43	5912.97359872
33	41	3770.09124402
33	45	6430.39333046
33	54	15062.8411237
33	35	9621.65903295
34	36	5090.0541755
34	32	4552.61704437
34	31	9266.89840009
34	35	11102.3761368
35	33	9621.65903295
35	41	11925.5372589
35	34	11102.3761368
35	38	1188.00906711
35	31	3032.55513694
35	54	8120.09302884
36	34	5090.0541755
36	37	4692.99531635
36	32	4520.16767891
36	52	7086.62937661
36	21	2277.79955917
36	31	3276.81752033
37	36	4692.99531635
37	38	2142.37805436
37	32	12815.5379552
37	52	6372.119876
37	22	13033.1272171
38	28	3396.62611763
38	43	7891.55161815
38	41	5751.95575145
38	37	2142.37805436
38	32	6754.78372437
38	22	2173.60365066
38	51	10148.3470102
38	35	1188.00906711
39	30	7384.212268
39	33	8259.97722756
39	53	340.916456388
39	54	11434.3200494
40	47	13991.1428009
40	48	2979.75520271
40	50	14066.3670903
40	46	14495.1002068
40	45	3519.74416522
41	33	3770.09124402
41	43	4070.04023791
41	38	5751.95575145
41	35	11925.5372589
42	25	1051.40591532
42	44	20830.1539037
42	24	26215.2882706
42	46	3849.44122772
42	56	1257.43596396
42	55	4807.76123851
43	28	1638.06636727
43	47	1393.46065028
43	48	1532.42491557
43	33	5912.97359872
43	41	4070.04023791
43	45	9603.33122939
43	38	7891.55161815
44	25	13650.3533305
44	50	6376.1231566
44	42	20830.1539037
44	46	10532.3214295
45	40	3519.74416522
45	47	9196.01611058
45	33	6430.39333046
45	43	9603.33122939
46	40	14495.1002068
46	44	10532.3214295
46	30	14693.7887649
46	42	3849.44122772
46	33	3318.95451629
46	56	2961.19338549
47	40	13991.1428009
47	48	7673.86572957
47	43	1393.46065028
47	45	9196.01611058
48	28	5636.53760692
48	40	2979.75520271
48	47	7673.86572957
48	50	7649.3002179
48	61	2812.21631905
48	43	1532.42491557
49	23	281.097326932
49	26	9636.84592155
49	22	11401.5236912
49	51	6935.76779995
50	40	14066.3670903
50	25	10976.8760666
50	44	6376.1231566
50	48	7649.3002179
50	61	19928.7674721
51	28	9825.58824032
51	38	10148.3470102
51	26	3079.58902461
51	22	3617.43924099
51	49	6935.76779995
52	6	34638.4063159
52	66	9502.78956174
52	59	9903.6895294
52	36	7086.62937661
52	37	6372.119876
52	60	9874.92868749
52	23	11846.6691509
52	22	15824.0078079
52	67	14430.7557391
52	0	43479.2905506
52	12	29197.3856787
52	14	13404.3395715
53	39	340.916456388
53	30	803.106143083
53	56	10521.4348044
53	19	21284.3792364
53	54	18262.8444529
53	55	46465.192641
54	39	11434.3200494
54	33	15062.8411237
54	53	18262.8444529
54	21	18219.9805592
54	19	10214.2460969
54	31	1299.91730512
54	35	8120.09302884
55	24	9482.72819666
55	42	4807.76123851
55	68	8856.17507486
55	53	46465.192641
55	56	16670.670281
55	19	6671.37661241
-1	55	17069.9666462
56	30	12027.7066812
56	42	1257.43596396
56	53	10521.4348044
56	46	2961.19338549
56	55	16670.670281
57	61	33863.4093892
57	27	15462.3824608
57	58	14300.2692581
57	26	6707.19995934
57	29	17044.5273324
-1	57	20322.7066822
58	27	5573.14294433
58	57	14300.2692581
58	26	6163.572478
59	27	17723.7504507
59	52	9903.6895294
59	60	13163.0015053
59	0	6696.15148019
59	29	9717.7904432
60	59	13163.0015053
60	27	8254.65251035
60	52	9874.92868749
60	23	15810.1486785
61	28	4928.68924559
61	25	25722.9134629
61	48	2812.21631905
61	50	19928.7674721
61	57	33863.4093892
61	26	14864.1799557
-1	61	18373.0230465
62	4	94668.8593143
62	17	16760.3880692
62	65	35020.2801691
62	63	24462.7666634
62	16	30390.4986521
63	62	24462.7666634
63	64	39737.813667
63	65	1825.99166116
63	1	1163.71515386
63	16	3073.86558738
64	20	47102.0752094
64	0	63576.045316
64	18	37126.3272092
64	13	5875.38330502
64	65	14158.9883373
64	1	18921.6479042
64	63	39737.813667
-1	64	126628.999274
65	62	35020.2801691
65	17	15000.2161792
65	64	14158.9883373
65	0	9937.41398254
65	13	19685.1275427
65	12	39307.240912
65	63	1825.99166116
66	6	16670.578429
66	52	9502.78956174
66	67	28646.3112687
67	6	546.024027762
67	66	28646.3112687
67	52	14430.7557391
67	11	12729.2973008
67	14	10227.8871449
68	24	23871.9213272
68	55	8856.17507486
-1	68	13734.3511059
